7
16 27 28 57 60 88 98 124 153 157 164 169 191 203 214 226 232
19 4 8 15 17 36 42 43 47 52 53 58 60 62 64 70 72 78 81 90
88
209
7 19 34 78 89 110 198 236
5 16 50 64 65 73
55
184
10 9 23 31 54 134 138 153 174 184 229
16 4 5 14 19 23 34 46 51 55 62 69 74 77 83 85 87
85
313
10 1 29 98 106 112 162 189 190 214 218
9 7 10 25 65 70 78 81 88 89
91
284
3 113 148 227
13 6 29 34 46 54 64 65 69 71 72 75 78 82
94
199
10 19 23 61 63 85 105 123 171 205 250
16 2 8 11 17 25 31 32 37 52 64 67 68 79 80 82 87
96
190
6 43 94 102 170 188 241
2 69 89
57
334